%YAML:1.0
---
type: IMU
name: mid360
Gyr:
   unit: " rad/s"
   avg-axis:
      gyr_n: 1.2419375022370849e-03
      gyr_w: 3.8085937207858364e-05
   x-axis:
      gyr_n: 1.5323631217500466e-03
      gyr_w: 4.8660823306774235e-05
   y-axis:
      gyr_n: 1.0847889170315656e-03
      gyr_w: 2.6278342285891821e-05
   z-axis:
      gyr_n: 1.1086604679296425e-03
      gyr_w: 3.9318646030909031e-05
Acc:
   unit: " m/s^2"
   avg-axis:
      acc_n: 1.2500335969502108e-03
      acc_w: 4.2330879041200496e-05
   x-axis:
      acc_n: 1.0022358629962797e-03
      acc_w: 2.3107820285956101e-05
   y-axis:
      acc_n: 9.4397685676918968e-04
      acc_w: 1.9324206049078583e-05
   z-axis:
      acc_n: 1.8038880710851629e-03
      acc_w: 8.4560610788566809e-05
